joint_home: [0,0,0,0,0,0,0]
lower_bounds: [ -2.96705972839, -2.09439510239, -2.96705972839, -2.09439510239, -2.96705972839, -2.09439510239, -3.05432619099 ]
upper_bounds: [ 2.96705972839, 2.09439510239, 2.96705972839, 2.09439510239, 2.96705972839, 2.09439510239, 3.05432619099 ]

pick:
  seed_target_joints: [ 0.1,0.6,0,-1,0,-0.1,0]
place:
  seed_target_joints: [0,0,0,0,0,0,0]

